ml. BER onom 788.

211.
(1755511).

Κ551 155 (155555 1555111191 155 1115515 corr Wrcrrbrrry 115 cccc 551555 175155
Pippc'rc 9551551155 0515 Ν55515511, Η551559 551115 Ζ51155 15551551, 8511151555,

c Murrhcrdc.
[1111551559] in ccclesia 5. Salvrccris 788 October.

Liber albus 55 1278 9555151515 s. 84¹ r'm Κ551555511555 111551559111) = Ia'ber ¹
copiarum 15995111 15 3515551559 cuc 155 Mitte 155 1111. 591 f. 11ι 15 1151155515

55 11551155 (Β). - 111151515 1115515111 155 1151555 Β. 11195511 555 1090 circes
1155555515 dcc 05191551 corr 1571 April 27, (151115511555 5155115551 214 f. 212,

15 Κ551555511555 1171551559 (0). ’

0555155 Arm. scer. 2, 22 Ac chron. 11551551. ms. G. 1111555551 (1550) 5555115115119
= 17551559 Η151. 11, 59, = (Tcnrel) Η151.115115155599.86 rr⁰ 5, = 151519 111. 17,
933 rr⁰ 2. - Eclchcrt Franc. 551551. 1, 707 59 239 arcs B 555115155119. - Mon.
Bcr'cc 31“, 19 598 auc BB‘C. - 1115555559. UB. 1, 31 5ο 35 cus BB'O. - 11111-
carcer 1159. 297 (288).

111511551551515559155 1155955555 15 1155191 155 559515551151155595555 115515 1. Gr,
jercc 155 115559511155555151555 55155551 5551951555 55 155 1155555115, 515195 8515115151 15
1555551155 551155 551 1551515559 1155155155 115155 5515, 115 0555155111 155 1111551559 555
5155 51155 15551515 555111551551515559 51555 555 1155551511 5151551555 55559555515155
11515515. 1155 05191551155555551 5551571 151 5551 1115151159 1511515555115 15
1111551559 51511 5515 55155155· 5551 159555 1171955115 555 es 555 Act 1115155155
St. 8159155 15 1115515559 5551155 115 5595159155 551, 5159555155 con 51555 151155-
15551, 5555515155 05191551 ,511115955550551155 1155155 9551151515 1155155515
551 5515555 subscription 551555151555555, 5551 511 11555 Μ59. 5555555155 155 551
51195555 1155155 511 551 1555195159155155159511 1555119155 9559555515 Brr'cffl 5595-
155191 worden. 9551195515515551115555150 15551151555115115559 55115 01551·
5151191511. - 1111551559 511 1155515559 51555 551155, 5151151511 15 1111555559, das 5151
788 5551551515 155 11155555 15955 511515 551, 15 155 1555115515115915555959515 5551
51511 55955151 151, cor 155 9. October 788 5559551511155 115155151155151. Gr„ 155
155 Ρ55151511 511 15555155 155 9555 5595511515155 actum 551 1515155 9555515551-

5111515 (15515595, 5515555 cicer 8515515595515515, 551 155 0551555155) 551-ι
555555 5151, 55551 15 11555 1555155555 (Bcrcr'fcr 551 1155915519ι 754, Ρ5951
Zacharias 752) 559555115115 Macrum, 5595151191, 55 551 (11551 15555115 corr 0115111
5155 51515515 der ccrrcurrdschcfclr'cherr 1159155559 115 1151519515 155, 515 8155151 Bern-
5551115915, 155515 51155555111151 5515155555 0515 551 251155 ccc rrwirkerr,· 155 11155151

15915 555 1155515559 551555 8551155551155 cccci 1151555155 cor, 5155 5515155955515515
115519 Ρ199155 1115 551555 1159155 Β5591551, 555115155155 51555 1111551559 91515155 Mache,
555 155 51555511515158955 5551555151, 551 115 9511155115 Β55111119559 1155151115.
rr⁰ 216, corr der 15 155 1119155 01155111 corr 993 Dec. 12, Μ. G. DD. 2, 550 rr⁰140,
55151551151115195155551191, 51551515115559555 511 155 1175511551 corr 5551 1151555
stercen 9515155 5151,· 51511515111159155511 155 11511111 der 1155151551511 crs 11551155551155
zusammen, 1555 1155555515 1551151955, 11155151 Heinrich, 5151 555 0115111999, 15 115
1115159515 5115551 155555 11151559515191511 5515191551, 155 Β55115 55515515 1551111955
11555, Μ. G. DD. 2, 711 59 315. 11511555 1155155155 115 115 1111551559 1111115515
1159. 297 (288).
44*

 

