Mflhlbaeher ’ 0021211211 DK Mflhlbaehor

1. 41111. 2. 4112. 1. Aufl. 2 141121..Δ112 2. 4112.

..-..-....-

···—— ——0-——-—n

342 324 192 400 Q* 407 272 448 461 211
346 322 229 401 408 273 449 462 091111.,1 161
347 326 capit 1, 81 402 409 274 420 463 01111111, 162

’ 343 327 189 403 410 0111111, 1 283
349 328 192 404 411 011111, 1 180
320 329 260 402 412 0111111, 121

. 321 360 297 406 413 01111111, 122
352 361 194 - 414
323 362 811111. 4, 229 408 412
324 863 Capit. 1, 144 409 416 011111. 1, 126

111 111 0111191808 311) 111 01111111

111 111 111 111 111 111
111 111 111 111 1111 1111111111
111 111 111 111 111 1111111111
111 111 111 - 111 111

111 11ο 111 111 111 1111111111
362 - 1111111416 424 0111111227
111 111 111 111 111 111

111 111 111 111 111 1111111, 111
111 111 J·..1 111 111 1111111111
111 111 0111111111 111 111 0111111111
111 111 111 111 111 111

111 111 11. 111 111 11

111 111 (111111,1ο1 423 431 01191441
111 111 (1111111911 414 442 0411141134

421 464 0111111, 166
422 466 212
423 467 213
424 468 214
426 469 216
426 470 217
427 462 0111111,110
428 471 Capit 1, 88
429 472 282
460 473 283
461 474 0111111, 246
462 476 1111112244

463 476 1611114226
464 477 218

466 478 282
466 479 284
467 480 011111, 1 170
468 481 0111111173
469 482 286
111 111 1111111111
471 483 01111111, 142
484 01111111, 81
488 0111111, 147
488 01111111, 133
111 1111111111
488 0111111, 228
489 0111111 829

 

371 379 μ’ 422 483 0111111, 138
372 380 262 426 434 0111111139

373 381 0111111, 91 427 432 01111111 140
428 436 207

3,, 382 0111111. 1,100 429 437 203
383 263 480 438
384 264 431 439
382 220 432 440
386 266 433 441
887 266 434 442 01111111, 148
388 267 432 443 0111111, 120
889 268 ··· 444 0111111, 122
390 198 436 442 0111111, 206

391 0111111101 437 440 0111111, 299

111 11111111 - 111 111
111 111 111 111 111

111 1111111111 111 111
111 0111111111 1111 110 111

490 121111. 4, 270
491 810
492

493

494
480 492
481 496
482 497
483 498
484
482

486

487

396 Capit. 1, 112 441 421 01111111, 123
191 chJtl, 117 112 462 Capit. 1, 111
398 199 -· 423 0111111, 122
899 270 424 01111111, 142

100 111 ⁴⁴³ 111 111111, 111

488

489

401 201 444 466 (1111111, 100
402 0111111119 - 167 280

403 (1111111 157 ’1111111211-
404 (111111, 118 111 158 1110111101- -
402 202 1111Μω211133. 491

406 271 446 429 1111111247, -
418 0111111.,1168 447 460 281

 

