486 .

1100010111Βί01010, 001011101100.

155.
005010010100000011100 1404 Μ. 0. DD. 1, 040.

Βο0011 (1101.
813 (000 00100). “

¹ St. Berlin (monast. sithiu, 1151 1. 5000100101

atque Bertinus requiescunt) in S. 00101, Frank·
reich dep. Ρο1 00 001010.

59, 191,
0110051 890.

Du 051001000 Folquini (angelegb um 901) 10110100,
5510511000 001 18. Jh. 10001 Β. 1000010100 1. 11., 100
1775170 100 110 17111110 000 001 18. 05. 10 001 Β. ιιι
St. 01001 111οι151010 0011. 00 81. Bottia p. II, LXXVIII,
0011110 01111. 00110101 00 Philippo-Auguste 555, 810501
1101.100110,11.5105.0,113,11.0.80.13,1ο4,1100011
1010011110 001 011131, 84, 0111 11011001 bibliogr. 48.

Βο5510 (0100011. 1150510010, ubi 0. 00101050οι1
requiescit), 1101100 prov. Ρο110.

80.

510511 10181-5. 10 Tutin vgl. 0015100ιο 10 00110
5105. 12, 598, 004.

Β101000 Bistam.

1100051845 (vgl. 240⁶).

00501501011 10 400101 Gesta Ηο10011501ς.0001.ροο1.

001 11. 05. (W 1111005105 GQ. 0. A. 8, 78), 101000. 1101111101
0001111 05111. 1010010 5010ος 001 14. Jh. (vgl. Ehml
Brem. UB. 1, xvm).

81. 001010 (11100001. 501οο10 10 500. 1110111011 10
pago cinomannico), 0100510105 0511. 801150.

8, 14 = 58 = 188, 79.

5510501100 1001708 001 1011010000 0501101010 100
803 110 Ρ11111500111 ιιι 81. 0111011101. 1110ςο1 001100
st. 011111 (0111111010) Julian flavet '111 11111. do 1111011
001 0511101 48, 10, 0001101 1, 114, 000 17. 05. von
1111050100 10 001 Β. 10 DIjon (000010100010), 00111.
3000010111. 000 bibl. publ. 00 011000 5, 842 00 910,

Caunos (monast. 010500οἰ1 01 Laurenti 1010011
0110110 0101150310), 0100510105, 11000 011.
00100110ηο0.

178.

Das 51051110 010000 00000100, 550051111οο 001 17. 0 h.
10 001 NB. ιιι Ρο110.

000000 8111001, 1101100 prov. Treviso. ’

177 (1000005111).

0501101010 100 1574 (0001011011 1010100081010.
5105. 3, 80) 000 1594 (Arm. XVI caps.2 n⁰ 23 110 7011-
000100500511111010 (13151. (1.1)1). 1, 041, 10111010
551051111ιο 1005 10 000001, 8. 11001010, 01011101 0501
010 A. 10 00000101000100 101 N. 5105. 3, 88.

05011001 (monast. 10500. 0. 8011010110 10 1000
00100001 10 pago 0101011000), 0100510105,
1110000 011. 01110) (0. 00111010).

194.

55005111100 000 17. 0001805. 10 001 NB. ιιι Pala
101. 810501 Reg. 888 Κ 108.

05100010 Pfalzgraf.
51 (000 0010 5150100101 10051010).

Empflngor-Rogisbr: 00001001-81. 00111.

0501 0111001, 80511010.

78.

0110550105015.ιιι 05011 {lber 000 Ζ110101100018110100
1115000011 810501 1101101015. 10001 80511011 87.

0101100 (0100001. 0101100010), 0100510105, 110101
0010000 011. 1101000000.

011111 (11).

81. 010000 (0000000000000 coenobium, 10011111
0. 0030001), 0100510105 001. 0010.

Ument [301]‚ [3021.

00001 101 neb-A. ιο 11001·Ιο80011101.

0001000510 1101105001, 1101100.

138 (001 dem 000. 810110. 100 01010000),

110501 000 000. 81001010001 810501 Rog. 853 1179,
Μ. G. DD. 1, 042, 51010ςί100 01). 0101110οι0 1, 11.

001110 11111010, 1101100.

208 (1010000551).

0501101111 0111140510 001 Β. Ambrosiam in 8111·
1000 = 051110101 001 10. 05. 110 55055010500 510
00010 vgl. ll. 5105. 3, 98.

Concordia Bistam, Italion prov. Venedig.

000051 850.

0511101111 (Lib. 0011000110) 000 14. 05. 111 001 Β. 1111-
11511011.ᾔ118,ν1113θ.(ὶίε vgl. valentinelli 110 51011. 1. 011011.

001510 (11100011. 0015010 10 pago 5015100000),
0100510105, 8010100011. 5101001.

89 = 57.

0511101010 001 11. 05. (181 01.. 17702), 001 0010 Euda
000 12. 05. (184011. 17734), 100 1895 (19 01.. 17758) 10
001 NB. 10 Paris vgl. 00050111 11011001 01 01111110 000

0000100011 011. 1, 588, 11011110 00101. 001 0010100 Philippo·
5010110557, 810501 Rog. 819 Ρ 53, Ul. 1105011 1111001
001 0011 18, 01, 1101111010 Examen 0111001 0501101 101·
101101. 0101101100. 00 0055010 00 001510 15.

cormery (monast. 0. Petri 101000 cormaricus),
0100510105, 10010-01-110110 arr. 001110.

198.
000051 259.

55105115 000 10. 05. 001 1011010000 0501101111 10 111
1349 10 001Β. 11100011, 5510111111οο 001 17. 05. 11111 001
{geffano 20110 100 St. 11011111 10 Toum vgl 810501 Bag.

01110 (0011000111) 0101101, 0100510105, Ρ1100501-
0110010101 (111.Ρο1013000).

1100051 300.

5510501100 001 17. 05. 001 0010 11101101110511 10 0011
001010 107 in 001 ΝΒ. 10 Parin.

81. 110010 0101101, 0100510105 dep. 80100.
1, 6:43, 7, 8, 12, 88, 83, 85, 26:4⁴.
= 94, = 120, 88, 40 = 93, (53), 55, 07,
88, 92, 101, 108, 136‚138, 160, 190, 804, 318.
000051 (35), 833, [238], (882), (880).
18011100οι00 001100 27, 0050001111110 (11050110)
84, 00151005110100 83, 8011001210, 80101100 107,
118, ’15000010 181. - 000051 11050100 (830).
(848), 808.

 

