394

KAISERUBKUNDEN.

01. Β. 333 13331331 1, 11 = 1113111313 1133313313 1131393313 351 311 91311-

13313313 113133. - 113133 1113113 113133313183133318, 288. - Petrus 3 Thymo
Η131.11331331133 1131311131131391, 263. - 1113111313 11313333133933 333 113133.
1311933111, 1, 166 333 13¹ 0¹ 311 133131333131, 196 333 Hermann Oomer.
- 1131113313 1139. 393 (386). ⁶

113 13313, 333 3331 3313 31311331 3313313 Text 9313 133 Η3333933 1133333111
(13¹ 391. 1113111313 Π313333133933 1, 63,· 2,117), 1131133113 333 der Druck 031
1113111313 133131 331313313, 133133 73331339 13 Η3313313111319313131 warde
3313133 31933 113133 31313333 333193 131313, 313 der Druck 3131 13 11313ῑί31313
(1333191311 1331131331, 33313 B’ 331 B³,· 1133311313 131330331133339313, 333 3331133 1⁰
13113313 (3333333393313111 333 1113111313 193 1.) 3313311391 33 1331333 Ζ331131, 1333
313 333 der Ρ313113913313311119339 113133 1113131313 Ill 3331179 (3331 einer 39313333
1133131193133311131 83333333391. 3. 1, 682 391. 1113111313 119, 275) stamme,-
11333 331131 131 13 13 Β3131333913133, welche 333 1175-1185 331333 3131 (39111111
113113393 133 133111313 1. 031. 0111. Ere. 3, 285), 31311 313113· B¹ 131 13 11391313- 15
1331 D, 3133 111331333331339 333 1031933313313, 333311131 8191333313, 3331 393113
3331931393. 171311333311313 Ζ3393ν3113,1333113313113333113 03113339 331
113 8139311331311339 33193, 139 313331 3133 33133 11333311313339 333, 113 3131
3313331119 31311 3331333133 11331, 113 aber 913131 13313331 13 Ρ3131139 1113131313 III
333 3313133 333 13331331 3139333113 1133313111 13313 133113 331 13311 131333 33
13393331 331 (1133333311913311 9331331. senet 131 31269 13 1313131339131333 13
133133 der 3119333133 Ρ313113913133111193393 1113 113 1131333, 333 1139333131 1106
(1139. Α 1. 97), 333 819133331 1117 (111. 57 311 13 33313393 non emanavit, quie
3333313133 regii eum Frieonibue concordare non poterent, 13 11112 3331333133
Η331, 331313 3331 39 269 3313131, 31313113 3331931393) 331 33 1113131311ΙΙ 1193 35
(W f. 18) 1333131. 1313133 9333133333, 313 3333111313 133311331333339 31333133
Worte 3313133 933333 813113 333 13 anderen 3133131313 1131311313339 feltren 0¹
(391. 3331 Ρ313’ Archiv 11, 130, 331131133133131111319 13311. 11. 9333131131) 331 0¹
33311313, 331313 333133331 13 9131313131311 1333. Um 113 73313313 31311 33313 331333
edesion, 33313 13333 31933313 33311133311331313 113313113393 31333133 11313, wie 33
31313 13 3333113133 13313313111313 1313113133393 33113313, 331113 1313391333
13333333 13103933 039133, 113 333 3311133133133131133133133, 3313333133.
113333 133313 331Β31313131139339 133 333 13 11333133 1131131333 1331333· 133133,
133 1113111313 (1131333313393163 391. 205, 212) 313 ,3133 3911333 313131111313 Um-
3131339133 1313313 11333133ι 1333131331, 133 133133 33 (13133333131111. 311 33
,311113113133 Ζ3311333 331 Κ33333933 (1113111313 187 391. 118), 133 333933- 331
1311333931333 133133 13 13 33 1138 9333133133 01333113 133 Hermann Gorner (bei
Eecard Corpus 1131. 2, 131), 3331313 33311139331133131113 31333313 1133313
3333131131 3313,· ihre Varianten, 33131333 3331133331 der 2333131133 1331333
133133, 1333 133 Kampf 13 131333 311 13 1113333 ultra pontem Milvium 3319313313 43
1333 (391. 1113111313156, 163, 206), 3331333 3131933 Interesse 0333333313 1333313,
3131 311 93033133 8393331311 331 1113111313 181 1. 3333131331, cler 3331 p. 213 1. 391.
151, 155, 157 113 3333113133 1333333393 33393311. 11303 3133 ,1133313111 im
1311331133133 1313333113, wie 33 131331, 333 3133 33133 Η11113 133 11. 11, 131133
31133 Daton, 1113111313117. - 1111331339 3133331131331393 333 13 333113 Heme 45
13313. 11, 1113111313 8333333393 215 1. 391223, 133 3113311393 3313133313
1133311393 113 39333 Ζ311933333 3331276-1287 33 31313 33311, 331131 13 133
31313113 33331133 11313313 115319 1171113133 333 1218 Nee. 3, Βο133-Ῑ113133 Ray.
imp. V 3ο 1935 (wieder 3193133311 1113111313 1. e. 319),· die 133393 13111 13 9333 113-
11313· 11333339 3331 33331 3131133113 31313113113313 3133133133133 133 13171. 331, w

 

