ΙΙ.

DK. Bohmor ΒΚ

106
107
108
109

Capit. ι, ιο ιιο
4 ιιι

7 6 112 164
Pippin 113

8 1 v. Aquitanica 114 166

9 7 116 167

ιο capit. 1, ³3 116 168

11 8 117 169

12 9 118 170

13 10 113 171

14 12 120 172

16 13 121 173

16 36 122 174

17 14 123 176

18 16 124 176

13 16 126 177

20 16 1262130 178

21 33 127 173

22 21 128 180

23 23 123 131Ξ204 (1361133126
24 24 130 = 126 182 Capit 1, 131
26 26 131 133 206
26 26 132 164 206
27 27 133 186 207
28 43 134 166 208
23 46 . 136 “ , 187 (1311133160
30 46 ·. , 136 “. . 188 273
31 47 137 183 277
32 49 138 130 210
33 60 139 131 Epp. 4, 647
34 j. F. 140 192 eupit 1,163
36 61 141 1 und 164
36 62 142 'resument Ein-
37 63 143 . 133 66167116ου6Ιί
38 66 144 M. 6. αἱ. 33
33 31 146 134 211
40 67 146 136 Capit. 1, 166
41 66 147 136 212
42 63 148 137 213
43 221 F. v. Privaturk. 149 138 214

44 60 122 160 eoncilia 2, 166 193 216

46 64 123 161 178 200 217
46 67 124 162 Capit. 1, 106 201 218

47 68 121 163 Epp. 4, 136 202 Ludwig d. Fr.
48 226 123 164 Epp. 4, 186 203 130

49 71 130 166 263 04--161 (1311141126
60 63 131 166 180 1633 302
61 73 132 167 181 1713 243
62 j. P. 234

 

