DK. Sickel 061181616111111.

K.160 190 10183 capit. 1,137 K. 107 1111111166 Κ.131 111
161 191 184 0111111, 113 108 0111111111 Γ1661166611116-
161 191 186 capit 1,117 109 106 131 61161111011011
163 169 186 Capit. 1, 116 110 106 1166111
164 01111. 1, 81 187 199 111 0111111, 134 133 011111, 166
166 189 188 100 111 0111111, 111 134 111
166 196 189 101 113 eupit, 1 138 136 113
167 1111). 4, 619 190 Capit. 1,119 114 107 136 114
168 197 191 011111.1,167 116 108 137 0111111, 164
169 194 191 0111111, 168 116 0111111, 140 138 Capit. 1,160
170 01611144 193 101 117 011111, 137 139 0111111146
171 0111111, 103 194 0666111111, 119 118 06161111 140 116
171 0111111, 108 195 011111. 1, 141 119 0111111, 178 141 117
173 196 143 110 0111111 148 141 capit 1 176
174 197 196 0111111146 111 0611111160 143
176 (61611101 197 Epp. 4, 399 111 011111, 1 198 144 eupit„ 1, 83
176 capit, 1 106 198 0111111, 141 113 (6161 199 146 1111116144
177 0111111 133 199 011111.,1 180 114 116 146 1111) 4, 666
178 0111111, 91 100 0611111167 116 110 147 118
179 0111111, 100 101 011111, 1 141 116 0111111, 146 248 0111111, 170,
180 0111111, 101 101 Capit. 1, 111 117 111111, 647 1

180 616

178
Ρί111116ν.116116 103 103 118 Capit. 1,106 149 310
61161 614 104 0111111 116 119 0111111,166,160
181 166 106 Capit 1, 131 130 J 0111111,161,

m} 0111111, 168

161 198 106 061111.,1 168

,1611616611Γ 81611611611611661 DK. 8161611611116111 DK

 

8161111111 6661 174 066666666661.1 i F. 86116616 mon. 8 193
Aquileiam. 6661 1 170 ,‚ ω3 J 11. 016166666616661111 j. F.
1116161116. basilien 196 06166116. mon. 1 J‘. F. 1161616616 mon.1 37
8666611661 11 S. Dionysii mon. 1 36 116166661666 6661 167

8116611133 116161616666. 1 119

16661161 66611 1 230 . n 2 237

1
6111. 3
1116661616. l 111, „ 4 138 16166661666 1 300
11166666 mon. l 161 , ῃ 3 148 8111616 666 Lo·
6 161 mov. 1 41
, 1 1406 7 181 81116166 011166
0116111666.666.1111 3 186 666 16666178

,, 1 113 ,,11661661611111111 168 811166111666661 39
0161611611 j.1² 1111161616.666.1 31 n „„2

81666666 6661. 1 146

2 066611661886161111 mon. l 139 11666111 666. 1
” 16111166. 1616166661 11, „ , 1
n 3 0611111, 369 1166666. 1 33 1166166166. 1
01666666661 141 , ,, 1 34 1166116666. l
„ 1 143 11166116. 666. 1 118 11011161 mon 1
,, 3 166 1111666661169 Orbion 16661
, , 4 166 86166666 mon. 1 41 Osnabrugg.0001.1
0666616666. 66611 163 ,, ,, 194 ,, 1
, ,, 1 163 , ,, 188 01166666. 666, 1
06666616661. 1 160 ,, , 187 ,, , 1
06111166 66 0116 1 J' F. , ,, 191 11Ρ166. 6661. 1

0666666666661. 1 j. F. , , 191 16116. 6661. 1

 

