‘ Sickel

ωςφαρωωμ·

0
m..-fflssaeaeaeffigaeaeffiaessffiaezgffigzazzaazzszzzo

DK.

1
(16611 1, 40

2
8
4
8

82
6
7

capit. l, 88
8
eupit 1, 87
8
10
11
12
18
14
18
16
17
18
18
21
26
(16611. 1, 42
24
28
28
28
27
Epp. 8, 408
28
80
20
Capit. 1, 61
48
44
48
48
47
48
48
80
j. Ρ.

81
82
88
84
88
88
87
88
88

16 6 66
cspit. 1, 66
66
66
66
66
66
66
66
66
66
66
66
66
j. 6.

66

66

66

66

66

66

66

66

66

66

66

66

66

66

66

61

66

66

64

66

66

66

66

666

161

106

106

106

106

106

66

166

106

106
j. 6.
666
666
116
116

K. 60
81
62
88
64
68
66
67
68
68
70
71
72
78
74
76
76
77
78
78
80
81
82
83
84
88
86
87
88
88

88 bis

80
81
82
88
84
88
86
87
88
88
100
101
102
108
104
108
106
107
108
108
110
111

116

114

117

118

118

126

120

121

122
capit„ 1, 47

128

124

128

127

280

128

180

181
Capit l, 187

182
Capit 1, 180

183

184

188

186

187

188

188

140
Capit 1, 188

Pippin v. 166116

(16614 1, 181

141

142

148

144

148

146

147

148
Capit. 1, 80

148

180

181
Capit l, 68

(16661116 2, 228

Capit 1, 228

182

241

188

184
Epp. 4, 882

188

187

666
666
066161,166‚
666
666

K. 112
116

666 1

116-
, Pippin 61161166
¹¹⁶ b¹⁸ capit.1,198
116 Capit. 1, 78
, Pippin 61161166
¹¹⁶b¹⁸ Ospit 1, 666
117 180
118 161⁴
116 170
120 162
161 02166 1, 66
126 06616. 1, 68
128 Capit. 1, 68
124 188
128 164
128 188
127 166
167
168
188
171
Epp. 4, 828
174
178
172

128
128
180
181
182
188
184

188

Pippin v. Italion
¹3⁶ 1 capit„ 1, 202
187 Capit 1, 86
166 166 '

188 111

140 066611162188
33} 601166116, 116
666
666
666
666
666
666
666
666
666
666
666
666
666
666
666
666
666

178

178
Ε66· 4, 128
Epp. 4, 188
1166. 4, 188
Epp. 4, 148
Epp. 4, 181

180

181

182

188
Capit. 1, 71

188

184

188
Epp. 4, 228

188

 

