Mfihlbacher Msshlbachor 11111116οο1101

----- DK -.

1. 110, ¹ 1. 111. 1, 111. Ι 1. 110. 1. 110. 1 1. 111.

--——.—

190 194 249 140 4 291 300 capit 1, 53
191 195 250 141 292 301 Capit. 1, 89
192 196 251 142 Ι 299 902 (1111111165
193 191 252 capit 1, 68 294 903 121⁸.
194 198 259 Act. dep. 295 904 169
195 190 “. , 254 143 296 905 164
196 200 255 - 144 297 306 {Com (10 01-
101 101 110 110 00111011
198 202 251 146 296 901 165
199 203 258 291 299 908 166
200 204 259 298 300 309 161
- - 260 141 901 910 168
201 205 261 148 902 911 169
101 1οο 211b 010 000 011 111
203 201 262 149 904 919 112
204 208 263 299 905 914 110
205 209 264 289 906 315 Epp. 4, 528
- 210 265 150 901 916 248
206 211 266 151 - - 249
201 212 . 261 j. F. 908 911 j. Ρ.
208 219 -· Aet dep. 909 918 119
209 214 268 Capit. 1, 225 310 919 114
- 215 269 81101014.Οῆ 311 920 115
210 215 821οο111113 312 321 116
211 211 210 152 919 322 111
212 218 211 24011 314 329 251
219 219 ’. , 212 J F. 915 324 252
214 220 219 00011 1, 66 916 925 0011011102,110
215 221 214 159 911 326 emiliam
216 222 215 241 918 921 118
211 229 216 154 319 328 119
110 111 111 (10011180 010 010 11001, 101
110 111 110 ., , 011 000 111101, 100
- 226 219 ”. . 922 991 Ερρ.4, 145
220 221 81101 011 4111- 329 932 Epp. 4, 191
111 110 100 wia, 011· 011 000 npp. 4, 110
222 229 schung 325 334 253
- 230 281 155 929 935 180
- 291 282 Capit 1, 203 321 336 181
223 292 11¹, 289 156 328 391 182
224 299 Capit. 1,181 284 151 329 938 189
225 234 (110111190 285 158 990 339 Capit. 1, 11
226 235 192. 286 244 991 940 254
221 290 Act. dep. 281 242 392 941 185
228 291 299 288 249 999 342 184
229 298 294 289 Capit. 1, 194 394 943 186
230 290 199 290 Capit. l, 196 935 944 255
231 240 295 291 159 936 945 256
232 241 194 292 Capit. 1, 19 331 946 Epp. 4, 228
299 242 195 293 160 998 941 251
234 243 Capit. 1, 189 294 161 399 948 181
295 244 296 295 245 940 949 188
236 245 196 296 24011 341 950 190
291 246 191 291 246 942 951 (1011011102219
298 241 138 298 162 943 952 258
299 248 139 299 241 944 959 191

 

