1111111111, 1111111 11111 [111 (1101111.

318.
(1111111.)

11111911 Η111191111 1111111111 11111181. 1111111111· Μ111) 1111 11111 11111911-

19111111 Villa Vaccarias 1111111 (1111111111.
Mein 783 1111113.

1411111111 (1111111111) 111 1211. im Β11111111111111 11111 (Β). - 0111111111 111
15. Jh. p. 41 1111181111111111111111 11111 (0).

11111111 Η111.1111111182(111 0) = 0111111 Η111.1111111111 11, 292, 21121,
117 -- 1111111111 011111.11111191.1119111111111 1, 4431114, (111111. 11111191.
imperatricum 26. -11111111 s. 11111119. (11111. 1, 45117 111 Β. - 1111111111
1119. 261 (2621.

1111111111 1111111191111111111 1171111 (11111111111111 111111111 111 9111111111 111111-
111111) 111111 [111111111111111 11111111111, 111 1119111111 81111111111111 111111 11
111 12. Ji„ 1111 1111 111 ogo vor 111 1111911111 1111911111. 1111111 1191111111 111
111 11148111111111 1111111111 1111191111 111 111 111 1191111111 111 11111111
91111111911111111911111111111 1111191111111111111. 111 Β111191111911111 spur, 11
1111 11 11191111 111, 11 111 81111 111 01191111 911111 1111111, 1111111111111 11191 in B
1111 1111 111 1111111111 111. 1111 111 1111111111 111 11111 Hand 111 13. «11. 111 111·
1111111 Garis 11 0111111111, 111 11111 111 einer 11111 111 17.11.Β111111111 11111
1111111111 latin vaccarius. 111 11111111 Hand, aber 11 11111911 9111111111118111111 111
1111 11111111 11111111 Η1911, 1111111111 1119. 27, 9111111111, 1171111111 im 11111111
s. 11111119. 111111. 1, 51 191. 111 1111111119 11 n· 299. - 1111111119 111 (11111-
1191111 1111111111111. Gr. 01⁰ 149, 11111 1171111111 [1119111 11191111111111 111,
1111 1111111 aber 1111 111 8111111111191 1111111 111111,· 111 11111 n· 149 1111111111
1111191111111 1111911111 (1111119 wigbaldus), 1111 1111111 1111 11111 1111191. 111.
111111 9111111111 11111 notarius 9191111 11111, 1111191 111 111111111 111111 774-786
(11841-154), 11 11111 11111 dem Falscher 1111 1111 111 1111111 11191111 1111111. or.
111 1111191119. 111111 11111111 1111911111 1ο 318 jener 111991 111 1111111911 11,
1111111111111811111119111111111111911 (111191, Amnis, (11111111 191. 111 111-
111111119 11 11199) 11111111, 111 1111 1129911111111111111111111. Die 11111
1111111111 wiri 11 1111111111 1111111119 111111 111 8111111911 1118111111 11111
9111111,· Heinrich V 1111111191 1116 81111111 1101111111, quod Hildogardis 119111
eontulit, 8111913150, 011111 ll 111 1111111111 1128 111 1139 (111111111111Β1-
mium, 9111Ηί111911111 119111 cum ecelesia 11 decimatione. .. 11111111, 11111111 f.
11111119. (11111. 1, 75, 78 (11111111111111111 111111 Deos lx 1111049, 1111111119.
poni. 2. 11. 4186),· 111 111 111 111111 111 18. 11. 911111111111 111 in 0 1111111111
Hisi. 1. Amulii 1911111 111 111111 9111119111 Karoli 111911 do 11111 &minoto (2⁸⁰ 149)
oi appendiciis 1111, que 1111111111 119111111111911111 1. 11111911 dedii, 14. θ. 88. 24,
Kaiuorurkundon 1. 11

 

